4.312351 4.920701
4.304788 4.908936
4.309791 4.880655
4.274564 4.922712
4.327337 4.876225
4.328478 4.904491
4.350464 4.927881
4.253949 4.838018
4.242327 4.800326
4.229118 4.784614
4.212632 4.797763
4.212607 4.818758
4.21828 4.827091
4.281162 4.82622
4.29087 4.850783
4.295289 4.929177
4.219667 4.773413
4.224431 4.757036
4.292973 4.792752
4.318313 4.814819
4.337876 4.784934
4.308981 4.771376
4.239878 4.715641
4.231719 4.686577
4.209052 4.66436
4.184911 4.645613
4.17128 4.644611
4.20133 4.630639
4.311769 4.718045
4.309452 4.686595
4.294737 4.656045
4.274784 4.639999
4.261337 4.628165
4.257176 4.613076
4.224983 4.622502
4.160232 4.556305
4.196074 4.525985
4.213762 4.537781
4.228356 4.536497
4.25695 4.536233
4.23956 4.498471
4.301969 4.555848
4.297565 4.526837
4.279377 4.528197
4.235169 4.573593
4.207239 4.454216
4.211805 4.43781
4.201213 4.423422
4.265874 4.409942
4.309464 4.445642
